Case #1: [-20, 1, -6]
Case #2: [1, 2, 3, 0, 0]
Case #3: [-957082, -539412, 364509, 412070, 303408, -417709, -577710]
Case #4: [-792528, -140538, -16650, -6048, -9352, -42180, -86376, -582814]
Case #5: [-551304, -187866, -23840, -117040]
Case #6: [-41474]
Case #7: [-887184, -739758, -529760, 214335, 268546, 115855, -870835, -994000]
Case #8: [-482052, -107892, 239120, 100580]
Case #9: [-831830, -661864, -443610, 67838, 85824, -373729, -562435]
Case #10: [36186, 92008]
Case #11: [-960111, -750615, -420926, -99200, -443484, -707056, -844480, -872352]
Case #12: [-713232, -623295, -256100, -47196, 14873, -291018, -783298]
Case #13: [-459627, 23157, 27084, 0, -121422, -170755, -233700, -726336]
Case #14: [-529600, -139485, 6690, -120310, -586430, -640740, -754832]
Case #15: [-100061, -19197, -175582, -752544]
Case #16: [-898623, -729252, -218010, 1818, -21714, -246480, -384130, -771628]
Case #17: [-314264, -59250, -32696, 71120, -196300, -739200, -845002]
Case #18: [-187452, -14160, 20803, -123606]
Case #19: [-924140, -728916, -87087, 18404, -365027, -610896, -889020]
Case #20: [-786992, 133660, 125296, -748867]
Case #21: [-760480, -663365, -445160, -216944, -32005, -114950, -570834, -690538]
Case #22: [-572880, -56212, 312062]
Case #23: [-127224, 60792, 23504, 26989, -15369, -154790, -525620]
Case #24: [-196854, 367875, 29840]
Case #25: [-862512, -364875, 235469, 462738, 483688, 277665, -504360]
Case #26: [-575976, -340416, -35035, 85215, 155589, -230139, -521913, -898079]
Case #27: [-382077, -100640, 2023, 273, -47724, -346950, -699021]
Case #28: [-796098, -657657, -494205, -104251, -167104, -594593]
Case #29: [-580060, -99960, 183540, -27608, -405504, -601312, -659571, -952476]
Case #30: [-923490, -497002, -491008, -274320, 507678, 469392, -795708]
Case #31: [-980036, -842724, -574584, -386043, -38270, -186032, -616828, -881538]
Case #32: [-207662, -26320, 7896, 24584]
Case #33: [-911064, -834326, -532800, 565279, 506232, 645354, 507832, -899198]
Case #34: [-775323, 67320, -10008, -212872, -595975, -767968, -874780]
Case #35: [-524064, -144425, 125563, 135991]
Case #36: [-938477, -914710, -877020, -539375, 217437]
Case #37: [-874698, 420992, 440086, -629321]
Case #38: [-704688, -466240, -598086]
Case #39: [-852000, -385782, -119448, 15879, -274318, -335869, -610460]
Case #40: [-556864, 312936, 277528, 385526, 97653, 90016, -383396]
Case #41: [-489348, -171441, -129940, -73775, -25573, -2610, 1890, -20416]
Case #42: [-622665, -18800, 13622, -749988]
Case #43: [-778207, -692865, 20510, 11271, 186282, -395595, -779289, -830375]
Case #44: [-873126, -718576, -109516, 182595, 413511, 410400, -734064]
Case #45: [-256230, -77220, -12480, -16218, -85191, -111035, -453182]
Case #46: [-892315, -660645, -583740, -354145, 19389, -618016, -959330]
Case #47: [-112050, -34650, -19856, -4284, -1612, -7872, -115536, -147384]
Case #48: [-136080, 45530, -35861]
Case #49: [-250488, 39455, -131386, -439344]
Case #50: [-242634, -188715, -81030, -20803, 14616, 7227, -82806, -141408]
Case #51: [-581334, -519840, -205344, 22074, -84546, -146718, -200080, -917240]
Case #52: [-490360, -51455, -30702, -496230, -682752, -786600]
Case #53: [-970081, -623007, -417009, -362872, 212744, -640700, -896000]
Case #54: [-738150, -415241, -138276, 123624]
Case #55: [-624375, 170751, 323268, 277440, -109848, -175760, -763851, -849132]
Case #56: [-371412, -709560]
Case #57: [-373245, -3910, 34028, 52404, -16275]
Case #58: [-649275, 88328, -409934, -493506, -767700, -875936]
Case #59: [-646055, 267102, 363951, 319200, -230679, -568058, -616512, -898508]
Case #60: [-437414, -6390, -121568, -283452, -816060]
Case #61: [-123768, -10792, 3250, -7676, -18876, -52186, -233358, -366147]
Case #62: [-681765, -244712, -132894, 53582, -403236]
Case #63: [-887315, -845671, -624338, -128412, 324380, 228072, -388548, -981000]
Case #64: [-360412, -45528, 5402, 4264, -506606]
Case #65: [-889224, -745521, -72975, -113500, -123136, -205920, -623382, -631150]
Case #66: [-339669, -57609, -5473, 5082, -3010, -243360]
Case #67: [-615428, -397760, -272718, -91744, -178752, -727560, -797400, -846076]
Case #68: [-769984, -692175, -583616, -134128, -214650, -471746]
Case #69: [-326791, -20142, 9486, 41499, 89414, 64975, -73034, -684105]
Case #70: [-228240, -61425, 630, -124, -12220, -52332]
Case #71: [-853432, -659494, -207432, -65007, 134270, -276675, -449570]
Case #72: [-529623, 262434, 265020, 463150, -386096]
Case #73: [-917462, 374127, 395025, -605591, -669800, -909348]
Case #74: [-800856, -737712, 12445, 19454, -304040]
Case #75: [-917760, -709420, -40480, 30256, -300200, -334079, -612390, -831016]
Case #76: [-743712, -212504, 80496, 215859, -385092, -617770]
Case #77: [-724590, -489888, -416628, -131454, 162843, -247234, -651408, -927340]
Case #78: [-574911, -252480, -161568, -1146, -39480, -624001, -691526]
Case #79: [-482517, 95120, 55188, -134142, -203775, -239400]
Case #80: [-898576, 464151, 365135, -714272]
Case #81: [-741942, -60144, 161508, -123816, -320498]
Case #82: [-760632, -390726, 196196, 74260, -188668]
Case #83: [-876432, -721539, -408910, 16790, -10044, -402476, -411628]
Case #84: [994000, 993010, 990025, 990024, 990021, 989024, 991008, 991000]
Case #85: [-752525, -423062, -101456, -597600]
Case #86: [-84200, 4154, -24617, -152460, -208864]
Case #87: [-435240, -274860, -76096, -44679, -29000, 11973, -39040, -164248]
Case #88: [-511450, -258544, -34188, 9393, -2020, -408158, -522500, -736064]
Case #89: [-468609, -444140, -114924, 62010, -545488, -810790]
Case #90: [-830206, -346096, 208992, -105524, -356235, -599664]
Case #91: [-832584, -686538, -373990, -293079, 144935, -414036]
Case #92: [-947102, -871392, -530596, -307614, -66752, -103424, -187568, -707496]
Case #93: [-302878, 288420, -377790, -742923]
Case #94: [-218448, -98923, 1161, -50279]
Case #95: [-833872, -383904, -264792, 398002]
Case #96: [-348450, 163150, 148400, -21024, -157334]
Case #97: [-867640, -579726, -254600, 127568, 77418, -527260, -803984, -966253]
Case #98: [-614760, -214060, -126350, 17066, 40204, -195604, -530530, -558879]
Case #99: [-834470, -692124, -21156, 49407, 100640, -182454, -499320, -915800]
Case #100: [96968, 372762, 213060, 24231, -182600, -490136, -908595]
Case #101: [333600, 376614, 74690, -638080]
Case #102: [-353986, -32400, 5947, 4895, -516, -43815]
Case #103: [-154700, 222807, -453051, -574339, -737408, -822255]
Case #104: [-402896, 92400, -76266, -373728, -820260]
Case #105: [-572924, -30406, 201102, -219372, -417530]
Case #106: [-439782, 31262, 45746, 24050, -34029, -656289]
Case #107: [-19072, -511325]
Case #108: [-907953, -653676, -243808, -49029, -102718, -798570, -898028]
Case #109: [-50662, 36400]
Case #110: [-580292, 21756, -744757]
Case #111: [-774962, -709317, -309087, -282124, -279440, -752346, -840405]
Case #112: [-533715, -309536, -427680, -644776]
Case #113: [-377235, -189912, 456822, 360590, 207300, 134429, -330400, -430965]
Case #114: [-432286, -161036, -601870]
Case #115: [-866889, -844458, -821300, -288860, -119034, 48076, -536547, -832276]
Case #116: [-231210, 2368, -349592, -539628]
Case #117: [-555418, -496705, -114458, -34720, -3456, -11880, -32015, -226440]
Case #118: [-76650, -29232, -5780, -5450, -17271, -32103, -92988, -353718]
Case #119: [-363528, -188384, -198432, -646030, -818864]
Case #120: [-489028, 136904, 36975, -387695, -725676, -950481]
Case #121: [-451656, -60818, -21200, -49946, -178432, -401715, -737880, -948627]
Case #122: [526400, 565606, 614608, -691956, -805401]
Case #123: [-255282, -544582]
Case #124: [-720960, -538453, 67320, 394387, -358020, -500825, -560270]
Case #125: [-619852, -521169, 482973, 540764, 253851, -827034]
Case #126: [-775905, -53504, 14994, -3546, -383616, -517260]
Case #127: [-243525, 10320, 16256, -20140, -227760, -237891, -808563]
Case #128: [-354354, 214097, -545646]
Case #129: [-213065, -117376, -37080, 59994, 72036, 90404, 3448]
Case #130: [-696150, 665807]
Case #131: [-997002, -991020, -989030, 986048, -982080, -989024, -992015, -993012]
Case #132: [-239568, -94689, 53248, 65275, -99100]
Case #133: [-36312, 9280, -52480]
Case #134: [-510796, -309345, -87945, -116288, -560992, -639984]
Case #135: [-902500, -620136, -265593, -29323, 258912, -278210, -413674, -505736]
Case #136: [-393536, -66234, -46620, 21823, 21300, -106678, -306774, -797775]
Case #137: [-269397, -7896, -646810, -861175]
Case #138: [-246274, -38115, 23046, -6120, -21608, -347616]
Case #139: [-771450, -421368, -381790, -117667, -39490, -434880, -503184]
Case #140: [-721224, -297555, 224665, 81968, -314883, -371956, -395637, -642224]
Case #141: [-262456, -105600, -6216, 10230, -148382, -543370]
Case #142: [-511840, -169454, -772416]
Case #143: [-488636, -125100, -380880, -610050, -805140]
Case #144: [-543796, -467347, -229680, 253640, -214915]
Case #145: [-902176, -198436, -43232, -1632, -5952, -131206, -356957, -717009]
Case #146: [-628371, -420300, -73514, -20592, -11325, -163506, -290652, -400314]
Case #147: [-588770, -296700, -69850, -22515, -1892, -12950, -142824, -862040]
Case #148: [-493443, 432, -71687, -154693, -441287]
Case #149: [-700533, -361030, -272426, -70432, -3348, -25578, -191754]
Case #150: [-682066, 50430, 359380, 304290, -281976, -687758]
Case #151: [-942645, 398643, 444164, 177809, -8619, -773824]
Case #152: [-781167, -590824, -485604, -333674, -304390, 275870, -471495, -722785]
Case #153: [-258750, -82181, -83006, -543160]
Case #154: [-436840, -339612, 198352, -873970]
Case #155: [-297184, -157914, -45440, -17538, -14400, -20400]
Case #156: [-644400, -8375, 30524, 33840, -499055, -566820]
Case #157: [196707, -249084]
Case #158: [-893964, -879744, 195762, 294840, 491284, 252306]
Case #159: [-429270, -9384, 69620, -479520]
Case #160: [-888160, -444062, -290832, -211730, 89661, -466832, -707847]
Case #161: [-287100, -24614, 122624, -73968, -108329, -284240, -967140]
Case #162: [-773661, -574106, 578396, 284186, 199250, -369648, -572516]
Case #163: [266859, -20328, -726156]
Case #164: [-844191, -455244, -321632, -217200, 87135, -377223, -472680, -881237]
Case #165: [-729048, -320468, 22638, 30672, -415512, -624134, -701244]
Case #166: [-838050, -624001, 354795, 351141, 224624, -561816]
Case #167: [-876047, 229568]
Case #168: [-194502, 45201, -28934, -597114, -717171, -906200, -928272]
Case #169: [-618848, -195075, -73738, -8556, -152086, -867008]
Case #170: [-536800, -232805, 100573, 92880, 71295, 3321, -28474, -237930]
Case #171: [-201144, 424860, 410640, 334515]
Case #172: [-306872, -128444, -2028, -1634, -390910]
Case #173: [-606265, -267200, -47200, 187704, 125112, -265424, -773024]
Case #174: [-917188, -899760, -418560, -50050, 5396, -425810, -707124]
Case #175: [-542166, 69160, -349452, -411691, -503739, -762540]
Case #176: [-594418, -384356, 126558, -112750, -313341, -473790]
Case #177: [-867132, -10896, -202264, -256856, -482144, -696048]
Case #178: [-145809, 27632, -114660]
Case #179: [-763280, -526594, -417960, -289665, -113524, 88638, -423900]
Case #180: [-957190, -390574, -310270, 309885]
Case #181: [498255]
Case #182: [-927210, -710448, -458208, -240434, 47376, 148626, -297750, -579644]
Case #183: [-763000, -706875, -491097, -336423, -88404, -615042, -664972, -842257]
Case #184: [-688734, -500320, -118993, -142296, -659312]
Case #185: [-786624, -678528, 34888, 45504, 205875, -387777, -532208]
Case #186: [-886116, -428085, -187704, -64638, -2548, -164640, -671055, -711708]
Case #187: [-118585, 84240, -45990, -281144, -590685, -815256, -951328]
Case #188: [-572664, -440886, -363630, 113552, -319957, -477302, -922288]
Case #189: [-622325, 23836, -133962, -306795, -522911, -618030]
Case #190: [-687644, -43619, 37281, -83430, -155310, -626724, -837992]
Case #191: [-782470, 403700, 97614]
Case #192: [-52206, 11107, 43608, -24030, -456805]
Case #193: [-604824, -426384, -305067, -222310, 33540, -403691, -788660]
Case #194: [-594024, -522340, -425289, -348750, -615660]
Case #195: [-8316, -2884, -41, 954, -18574, -106080, -384336, -538868]
Case #196: [-388240, -80640, -4117, 1440, -25350, -48461, -232415]
Case #197: [-188770, 205875, -652944]
Case #198: [-661507, -590400, -320488, 191952, 22078, -216811, -659232, -696168]
Case #199: [-71712, -23800, -107712, -163275, -889730]
Case #200: [-745560, -126756, 337792, 365216]
Case #201: [-311760, -128688, -16512, -4743, -1935, -6396, -45764]
Case #202: [-859760, -213405, -171020, -7254, -322560, -371830, -810901, -949578]
Case #203: [-127693, 3655, 4221, -395568, -731042]
Case #204: [-794834, -709800, 86515, 217488, 26080, -100110, -220585, -731808]
Case #205: [-802928, -662196, 483912, 477416, -478962, -640971, -885430]
Case #206: [-977126, -769272, -313224, 66990, -613032, -841857, -931068]
Case #207: [-242540, -118230, -896, 12321, -6403, -283416, -910888]
Case #208: [-329263, -152991, 17534, 138367, 94801, -115000, -157904, -519672]
Case #209: [-1, -1, 0, 0, 0, 0, -1, -1]
Case #210: [-705348, -645190, 177309, 16337, -568260, -578228, -824500]
Case #211: [-823521, -522900, -220332, 58528, -99372, -442774, -687834, -924915]
Case #212: [-739590]
Case #213: [-441048, -80784, -50827, -25248, -13195, 10235, 10819, -30807]
Case #214: [-770568, -676001, 452194, -77765, -101745, -395550, -826770]
Case #215: [-564000, -393080, -207025, -13416, -192444, -403260, -809172]
Case #216: [-86779, -819, -93272]
Case #217: [-519912, -406016, -326112, -190281, -108112, -321409, -480792, -610443]
Case #218: [-881000, -671892, -112350, -150416, -339754, -415858]
Case #219: [-75978, -7232, -1834, 3040, 4830, -141024, -189288, -501760]
Case #220: [-314928, -127576, -20984, 39559, -22218, -71676, -118638, -316528]
Case #221: [-916426, -716253, -655979, -510483, -383368, -254400, 43840, -291813]
Case #222: [-721428, -478268, -364650, 95166, 4332, -330240, -746789]
Case #223: [-406082, 173760, -429040, -801025, -805506]
Case #224: [-518650, 577824, 523900, -193500, -921344]
Case #225: [-535389, 201717]
Case #226: [-25012, -399750, -605720, -784692]
Case #227: [-352538, -66155, -7552, 17836, -23236, -120379, -144904, -576663]
Case #228: [-528493, 158440, -128112, -953540]
Case #229: [-628672, 170819, 210148, -172866, -470626, -793800]
Case #230: [202436, 206700]
Case #231: [-950609, -807084, -587866, 142817, 184023, 131238, -431480]
Case #232: [-877995, -195120, -159372, -142380, -241092, -629046, -779935]
Case #233: [-921536, -664216, -557460, -46400, 548715, 533586, 462258, -713851]
Case #234: [-140400, 9760, -116958, -307524]
Case #235: [-346920, -32849, 17589, 41496, -205056]
Case #236: [-702019, -303093, -55677, 56703, 142272, 17200, -188034]
Case #237: [-152405, -30098, -5700, -7380, -10530, -196564]
Case #238: [-790211, 453328, 412300, -377884, -536067, -589000, -764306, -947322]
Case #239: [-826810, -770877, 581944, -406866, -542511, -634886]
Case #240: [-485850, -84575, 132104, 43392, -37346, -187920, -693054, -891900]
Case #241: [-366080, -236250, 111550, 241572, -15351, -379316, -570360, -602397]
Case #242: [-689885, -305747, -2745, -76815, -522880, -618771, -948507]
Case #243: [287287, -367856, -622608, -976080]
Case #244: [-297255, -115056, -65844]
Case #245: [-922680, -422229, -160394, -19581]
Case #246: [-351480, -127652, -12397, 74580, -646381]
Case #247: [-717316, -103206, -15364, 27040, -202878, -330676]
Case #248: [-191070, -72268, -8004, -51330, -181115, -513893]
Case #249: [50368]
Case #250: [-822016, -425645]
Case #251: [-433251, -292392, -172788, 385029, 234000, 112955, -362902, -558250]
Case #252: [-906528]
Case #253: [-725406, -319986, 132830, -11634, -31950, -79056]
Case #254: [-863136, -155946, 89760, -327800, -779340, -869705]
Case #255: [-723324, -646801, -624440, 195597, 242465, -241533, -420147]
Case #256: [-826200, -563626, -136629, 16992, -98235, -209000, -653410]
Case #257: [-375300, -33060, -12760, -2584, -136324]
Case #258: [-460960, -241080, -6150, 26576, -37392, -742600]
Case #259: [-845208, -813408, -613608, -475605, 358189, 420933, -288014, -679536]
Case #260: [-745860, -66992, 136152, 6994, -71936, -285936, -360447, -827648]
Case #261: [-909072, -744016, -365050, -354288, -285120, -331868, -489100, -787564]
Case #262: [-148338, 12876, 8366, 24825, -76875, -468708]
Case #263: [-696652, 3016, 50400, -6384, -34104, -336610, -377112]
Case #264: [320634, 446586, -8868, -553840]
Case #265: [-276341, -92120, -34960, -4402, -5292, -206343, -788926]
Case #266: [-238524, 26376, -24960, -325563, -501676, -852846]
Case #267: [-497336, -355796, -129078, 359040, 187252, -71973, -706160, -787449]
Case #268: [-810120, -554496, 456511, 287268, 289079, -28577, -554855, -964260]
Case #269: [-338148, 605274, 575825, 595695, 540937, 198982, -364557, -856044]
Case #270: [-814595, -785142, -540580, 271388, 343176, -442206, -869424]
Case #271: [-588240, -140432, -387648]
Case #272: [-558746, -18327, -6811, -1647, -170665, -566720]
Case #273: [-751410, -415877, -37628, 181299, -375534, -712800, -790096]
Case #274: [-778272, -98748, 107319, -186960, -455184, -650268, -889080]
Case #275: [-382657, -153052, -102365, -49138, -25080, -5130, -45276, -249864]
Case #276: [-971208, -580580, -101346, 202350, 107520, -665704, -905079]
Case #277: [-868387, -626968, -337736, 90944, 49456, -262959, -462852, -619191]
Case #278: [-281196, 51475, 55845, 32320, -21538, -206812, -631014]
Case #279: [-887139, -227838, 108984, 59472, -76494, -551760, -759200, -909090]
Case #280: [-917966, -216511, -55948, -255282, -397310, -408639, -709758]
Case #281: [-616926, -162360, 315988, 285901, -319638, -582568, -712701, -926386]
Case #282: [-70800, -90816, -821240]
Case #283: [-671625, -400316, 93184, 110058, 43384]
Case #284: [-723850, -570944, -458916, -179588, -372798, -798498, -936828]
Case #285: [-479934, -227130, 7479, 9720, -12880, -144742, -316200, -689829]
Case #286: [-435275, -210528, -26169, -5852, 68761]
Case #287: [-942792, -837292, -753610, -510378, 103332, -356937, -962345]
Case #288: [-520044, -107231, -48503, 55062, -199045]
Case #289: [-961338, -753419, 470232, 447675, -317700, -613824]
Case #290: [-608915, -336380, -294150, 100392, -183983, -456786, -683456, -833426]
Case #291: [-603714, -182320, -108108, -31414, 1078, 31571, -15424, -165816]
Case #292: [-9660, -49558, -115995, -323901]
Case #293: [-690703, -561968, -417480, 47348, 105702, 31913, -131859]
Case #294: [-766920, -28792, -126318, -325800, -784944, -906500, -952320]
Case #295: [-746707, -554001, -398416, -179088, 254370, 209230, -210392, -743814]
Case #296: [-350649, -303281, 182834, 234898, 306204, 119700, -653790, -839733]
Case #297: [-421580]
Case #298: [-106260, 257298, 348943, -691088, -813450, -898668]
Case #299: [-751688, -718254, -129430, 178784, 76296, 34960]
Case #300: [-848820, 55512, 377715, 381420, -768570]
Case #301: [901544]
Case #302: [613716, 517540, -881100]
Case #303: [-577238]
Case #304: [-888030, -248640, -56448, 2512, -111592]
Case #305: [245727]
Case #306: [-711012, -699200, -191774, -616738]
Case #307: [-617480, -511086, -222480, -177741, -132114, 178188, -146916, -907920]
Case #308: [-602208, 199735, 229632, 291468, 157431, -30452, -347760, -779373]
Case #309: [-854194, 170845, 208240, -136676, -301490, -381238, -807084]
Case #310: [-673816, -486135, -536640]
Case #311: [-733773, -485650, -198432, -1821, -505520, -805200, -856478, -923780]
Case #312: [-755221, -542412, -218124, -158679, 34452, -61773, -104902, -195418]
Case #313: [-792648, -589823, -530706, 300, -199420, -681376, -920000]
Case #314: [272718, 245935, 204050, 67704, -553720, -828980]
Case #315: [-321975, -205410, -67643, 17523, 13776, -1680, -27840]
Case #316: [-860226, 441161, -393022, -849150]
Case #317: [-293192, -38095, -91863, -543354, -704925]
Case #318: [-896448, -681856, -234050, 119064, -146493, -295767, -611325]
Case #319: [-192930, -68572, -14464, -357, -27150, -384580, -686831]
Case #320: [-824837, -681792, -540419, -465696, -20496, -5384, -56785, -836847]
Case #321: [122752, 332840, -236472]
Case #322: [-686178, -438480, 218892, -218450, -813595]
Case #323: [-808350, -463865, -164430, -34465, 3432, -183264, -376200, -787212]
Case #324: [315033, -489240]
Case #325: [-652032, -477818, 225040, 162108, -159643]
Case #326: [-985050, -796293, 95928, 201845, -129444, -411884, -468660]
Case #327: [161595, -289800, -925216]
Case #328: [-960351, -211128, -975136]
Case #329: [-894870, -655785, -71552, -129267, -328244, -720651, -809748]
Case #330: [-31464, 79851, -124356, -479136]
Case #331: [-883599, -306064, 324648, -452067, -644868, -728330]
Case #332: [-469392, -81200, -20091, 851, 12145, -4050, -61688, -179968]
Case #333: [-801351, -663708, -243360, 273088, -248412, -504060]
Case #334: [-774045, -600060, -104920, -6448, 16796, -675174, -728640, -814506]
Case #335: [-863161, -659316, 215040, 114912, -205707]
Case #336: [-105006, -36352, -21252, 18336, -1500, -19988, -64350]
Case #337: [-672490]
Case #338: [-530404, -21801, -195804, -655512, -856418]
Case #339: [-546511, -473343, -152508, -100600, 157960, -511161, -752526, -901411]
Case #340: [-649026, -192871, -72390, -4233, 48552, 113436, 49010, -154755]
Case #341: [-558744, -228343, 64728, -380133, -660824, -766212, -897335]
Case #342: [-453260, 234612, 61632, -458076, -705309, -902139]
Case #343: [33856, 33856, 33856, 33856, 33856, 33856, 33856, 33856]
Case #344: [-931198, -841300, -88256, 60500, -593610, -879872]
Case #345: [-839700, -71316, -63342, -197960, -222504, -337144]
Case #346: [-745470, -293889, 26244, 58028, 261990, 205740, -184704, -514290]
Case #347: [-793605, -558011, -14278, 21242, 122544, -436500, -710520]
Case #348: [-77880, -54880, 308252, 247275, -84265, -218484]
Case #349: [193312, 87969, -73500, -283331]
Case #350: [-606939, 76035, -414002, -604025]
Case #351: [-182078, -79950, 1020, 97394, 121220, -812614]
Case #352: [-612808, -541170, -120600, -20412, 2730, -70520]
Case #353: [-147915, -31490, 9490, -15533, -265104, -527468, -643718]
Case #354: [-292435, -101469, -31624, -19352, 4264, 308, -75972, -154710]
Case #355: [262080]
Case #356: [-365701, -196924, -64800, 13497, 33598, -992, -307344]
Case #357: [-941660, -878894, -380904, -159192, -5824, -192308, -501260, -812690]
Case #358: [-793611, -604555, -434042, -355602, 26452, -221500]
Case #359: [170754, 137025, -96642]
Case #360: [406550, 664888, -146268]
Case #361: [-337858, -76817, 11122, 9381, -68456]
Case #362: [-406118, -191982, -144270, -30806, -33852, -65764, -137776, -595116]
Case #363: [-857604, -55584, 38480, 68544, -235770, -497070, -794590, -892800]
Case #364: [-807446, 5814, -114062, -456778, -509760]
Case #365: [-467290, 154224, -680200]
Case #366: [-301888, 127170, -302304, -699542, -870430]
Case #367: [-837824, -757540, -506844, -174944, 87418, -293252, -692104, -871398]
Case #368: [539441]
Case #369: [321034, 831402, 37886]
Case #370: [-233919, -101752, 44908, 56342, 67520, -44154, -81066, -234080]
Case #371: [-262200, -13640, -188805]
Case #372: [-852715, -766688, 350200, -525954, -674498]
Case #373: [-980091, 106704, -261284, -602160]
Case #374: [-726921, -401266, -47472, 3135, 10633, -189900, -354473]
Case #375: [-736780, -615978, 338548, 356588, -181608, -487335, -731868, -902451]
Case #376: [-221350, 16592, 35910, -13026, -36905, -110853]
Case #377: [-358448, -473172]
Case #378: [-896184, 58560, 184646, 146132, -34850, -422268, -655029]
Case #379: [575250, -78474, -845256]
Case #380: [-473308, 100100, -425437]
Case #381: [-165648, -50840, -4600, 5382, 5920, -48792, -121243]
Case #382: [-590685, -165184, -25972, 825, -8073, -266916, -445418]
Case #383: [-88504, 353176, 381340, -696192]
Case #384: [-880768, -725233, -615092, -554840, -167790, 404535, -547239, -633000]
Case #385: [-692776, -492906, -305856, -760023]
Case #386: [-434304, -83496, 0, -400, -429338]
Case #387: [-549270, -267699, 195000, -427378, -610400, -708003]
Case #388: [-555900, 177158, 40139, -603725, -786044]
Case #389: [-935186, -791076, -44166, 76000, -331890, -530247, -707624, -786044]
Case #390: [-620506, -326976, -233496, -2392, 44280, -472236, -683088, -881657]
Case #391: [-974153, -478175, -324704, 224775, 447644, 59475]
Case #392: [-389854, -159258, -19190, 10965, 11880, -2864, -98115, -243984]
Case #393: [-892038, -709614, 64698, -85312, -169376, -253175, -537225, -967252]
Case #394: [-687622, -614068, 170163, 304381, 248150, -13428, -542720, -777750]
Case #395: [-784269, -483060, -20880, 138180, 111858, -874189, -940884]
Case #396: [-319275, -113152, -5450, 2430, -738, -9579]
Case #397: [-755604, 274775, 391855, 212806, 13700, -364048, -424926]
Case #398: [-164523, -1281, 20856, -111150, -261616]
Case #399: [-915593, -671871, -622197, -318630, -412438, -700594]
Case #400: [-522342, -340292, -307359, -226679, -11070, 15480, 4487, -156752]
Case #401: [-21813, 5688, -4370, -63404, -89908, -105042, -533736, -792978]
Case #402: [-905322, -266900, 819, 143560, 156723, -429264, -630666, -928260]
Case #403: [-769964, -486200, -111360, -528960, -922554]
Case #404: [-673072, -129617, -77515, 8228, -61380, -418704]
Case #405: [-638631, -551096, 178088, 147744, -491764, -750346]
Case #406: [-134904, 1299, 5880, 48175, 54120, 58883]
Case #407: [-762235, -435160, -249516, -80665, -197120, -569842, -825796, -865886]
Case #408: [-352800, -143558, -29568, -9176, -56545, -82622, -347990]
Case #409: [-918072, -881328, 15312, 657657, 574080, -888216, -956084]
Case #410: [-340938, 49162, 268192, 186000, -43434, -109620]
Case #411: [-607578, 81200, 104800, -109080]
Case #412: [-677282, -372408, -826164]
Case #413: [-408360, -5232, 165060, 111744, 86112, 30076, -39672, -589274]
Case #414: [-916806, -388368, -278628, 115500, 256961, -68400, -990000]
Case #415: [-251262]
Case #416: [-617393, -2901, 115830, 12935, -161896, -412624, -509627]
Case #417: [314340, 434290, 471120, 374625]
Case #418: [-86460, -17472, 67528, -125241, -222610, -355216]
Case #419: [-18240, -352000]
Case #420: [-725192, -456750, -155440, -291468, -809002]
Case #421: [425152]
Case #422: [-747684, -519541, -198011, -13000, -183015, -294668, -549764, -788832]
Case #423: [-278444, -64790, -551, -21624, -56560, -165137, -510708]
Case #424: [-666080, -410310, 138130, 190960, 231795, 352603, 417571, -730840]
Case #425: [-861956, -735540, -532396, -266960, 108655, 254541, -527468, -785892]
Case #426: [-344675, -222717, 87132, -613804, -877540]
Case #427: [-973092, -686115, -589419, 86520, -479750]
Case #428: [-811720, -438249, 61632, 232650, 150447, -304155, -765621, -894916]
Case #429: [-86184, -5434, -5520, -54168]
Case #430: [-142805]
Case #431: [-280966, 279705, -272194, -516076, -944640]
Case #432: [-718680, -374400, 16905, -12098, -428496, -971154]
Case #433: [-729118, -9522, 100192, 48675, -401710]
Case #434: [99974]
Case #435: [-502860, 144946, -82810]
Case #436: [-754956, 465069, 464250, -531512, -618354, -778207, -833310]
Case #437: [-376986, -153672, 43680, 33286, -30580, -152721, -227838, -489753]
Case #438: [-282951, -201501, -11316, 2875, -14768, -150024, -660240, -829244]
Case #439: [-255664, 81543, 68804, -651036, -825696]
Case #440: [-775268, -530550, -90398, -219784, -594048, -639210]
Case #441: [-810785, -431340, -214656, -87040, -198712, -416322, -458367]
Case #442: [-905820, -494673, -305804, -240845, 289852, 58630, -502810, -907200]
Case #443: [-4325, 382041, -596700, -878894]
Case #444: [-924176, -735216, -495300, -341484, -200406, -47523, -216000, -919990]
Case #445: [740792]
Case #446: [-511920, -411588, -199796, 72884, 80145, 253374, -668431, -921000]
Case #447: [-473430, -285696, -96641, 48841, -517104, -644352, -798312]
Case #448: [-805086, -376289, -20163, 42535, -133189, -247038, -337707, -645150]
Case #449: [-711227, -453952, 277848, 263466, -184830, -782577]
Case #450: [-373729, -257730, -126000, -6118, -21750, -40180, -42588, -246160]
Case #451: [-875714, -596748, 40890, -160920, -537235, -788920]
Case #452: [-420595, -76110, -42431, 285, 4560, -10062, -130240, -581760]
Case #453: [-946288, -825262, -648875, 116982, -89964, -572872, -798000]
Case #454: [-914949, -733746, -674751, 214704, 32760, -446760, -710801, -852715]
Case #455: [0, -13056, -102125]
Case #456: [-827956, -631763, 24304, -289605, -497940, -664363]
Case #457: [-640640, -240120, -93378, 825, -18042, -48108]
Case #458: [-816364, -435712, 187110, 174600, -525250]
Case #459: [-206976, 13104, 38682, 43754, -31488, -79464, -488368]
Case #460: [-650762, -133456, -14137, -61013, -393376, -628830]
Case #461: [-125840, -46980, -14820, -200158]
Case #462: [-480747, 295311, 399369]
Case #463: [194016, -110297]
Case #464: [-895288, -557109, -312774, -68952, -67680, -408360, -684215, -835171]
Case #465: [-780700, -624402, -205440, 1508, -273504, -742182, -863136, -950589]
Case #466: [-971154, -826650, -660815, -316920, 400452, 330660]
Case #467: [-591448, -310878, -210123, 39897, -224604, -533352, -737748, -780120]
Case #468: [-756899, 253308, 418264, -886523, -948100]
Case #469: [-806388, -299752, -94978, -59292, -4779, -28792]
Case #470: [-313914, -20900, -76735]
Case #471: [-921078, -18774]
Case #472: [-702954, -248034, 352196, 237154, -313290, -682461, -772200]
Case #473: [-753236, -155541, 45276, -39995, -90741, -607292]
Case #474: [-695764]
Case #475: [421083]
Case #476: [-853727, -375300, -263808, 9020, -278888]
Case #477: [-466440, 418200, 361350, -653185, -745200, -766151]
Case #478: [-708122, -640925, -324974, 180228, 253274, 333792, -403305, -931884]
Case #479: [-983016, -926744, 537362, 582330, 58887, -86595, -522100, -625765]
Case #480: [-742100, -70930, -34980, -144058, -330820, -469754, -684400, -846641]
Case #481: [-565006, -429780, 334236, -480128, -823000]
Case #482: [-420184, -312836, -176152, -35501, 8322, -1918, -36162, -260415]
Case #483: [-635922, -265012, -137808, -80660, -555104, -585660, -703638, -962240]
Case #484: [-646290, 58394, -592005, -818839]
Case #485: [-250504, -21330, 38570, 12440, -16704, -42082, -364095]
Case #486: [-733900, -591072, -383112, 40162, -187128, -636345, -719865]
Case #487: [-192000, 468864]
Case #488: [-532456, -219000, -76041, 28137, 29394, -63428, -898220]
Case #489: [-645860, -473670, -78182, -50600, 1265, -386271, -733830]
Case #490: [-827328, -186068, 204525, -301834]
Case #491: [-573498, -388240, 102678, 527120, -753774, -835575]
Case #492: [-734000, -564376, -37318, 168840, -203328, -458232, -493352, -718425]
Case #493: [-613480, -410408, 360930, 249172]
Case #494: [-801218, -576975, -264578, 59566, -153270, -345750, -553476, -586608]
Case #495: [-380864, -84535, 1261, 375, -33990, -84630, -577132]
Case #496: [-830825, -600912, 222156, 354040, 86757, -113971, -409293, -572650]
Case #497: [-788100, -491045, -221247, -27020, -507297, -574403, -803250]
Case #498: [-938952, -258780, 14865]
Case #499: [-405594, -8924, -390, -127926]
Case #500: [-570360, -186252, -66759, -18291, 59860, -101916, -107700, -222880]
Case #501: [539280, 777749, 794266, 497262, 328164]
Case #502: [-11526, -83080, -314160]
Case #503: [-99099, -12154, -2754, -88065]
Case #504: [-776444, -611968, 160500, 310684, 242193, -364896, -666660, -764240]
Case #505: [-479160, -71744, -49914, 251823, -224352]
Case #506: [-609868, 414, 72520, -844992]
Case #507: [-22119, -40392]
Case #508: [-874104, -722594, -479446, 131648, -465365, -879843, -906240]
Case #509: [-480436, -29854, -1922, -31120, -164692, -538266]
Case #510: [-494172, 186300, -519048]
Case #511: [-681600, -176056, 85466, 72352, -255271, -537166, -794070]
Case #512: [-533628, -262048, 138336, 39688, -592187, -915008, -985036]
Case #513: [-638856, -420132, 1516, 13728, -73564, -157596, -657972, -767040]
Case #514: [-751980, 80968, -269750, -524574]
Case #515: [-814338, -739680, -234766, -93890, -11180, -24200, -132462, -313960]
Case #516: [-447304, -28254, -4425, 483, -43230, -131565, -236368]
Case #517: [-693588, -291896, 51958, -275632, -584748, -829900, -911349, -926928]
Case #518: [12444]
Case #519: [-718794, -213666, -17864, -104500, -404207, -617487]
Case #520: [-675885, -532140, -313479, -48546, -3230, -426024, -493350, -573344]
Case #521: [-394825, -189970, -88375, 19140, -268, -44064, -182208, -762032]
Case #522: [-5978, -589656]
Case #523: [-742739, -640048, 48735, 96768, 25600, -283680, -510447, -983070]
Case #524: [-23746, 50850, -367928]
Case #525: [-407190, -66010, 7128, -5775, -373257, -599718]
Case #526: [-954448, -758912, -502838, -490238, -319131, -210634, 130077, -239196]
Case #527: [-306475, 13689, -133341, -455026, -852407]
Case #528: [-839664, -828240, -30765, 121260, 234300, 162925]
Case #529: [-787350, 138104, 73350, -299919, -740188, -929247]
Case #530: [-367632, -85377, -144, -191950]
Case #531: [-133864, -72912, -18624, 30680, -75888, -838095]
Case #532: [-66156, 11040, 5016, 8064, 9309, -8998, -56486, -144900]
Case #533: [195, -50955, -74144, -145979]
Case #534: [239766, 718214, -800058]
Case #535: [-396090, -269001, -42800, 16155, -82500]
Case #536: [-552684, 40755, -288558, -734502]
Case #537: [-788103, -605550, -518375, 362365, 114751, 21420, -695098, -857703]
Case #538: [-936880, 20923, -86742, -387450]
Case #539: [-775125, -543675, 10500, -128544, -714125]
Case #540: [-863000, -317226, -1266, 3335, -642841, -755320]
Case #541: [-784320, -188034, 8190, -7725, -261960, -338250]
Case #542: [-329340, -108108, -19401, -79076, -563640]
Case #543: [-483960, -246090, -73008, 58752, -78234, -97282, -430260]
Case #544: [-738038, 131898, -212190, -462428]
Case #545: [-730060, -459154, -92032, 222390, 231104, -117660, -642390, -647190]
Case #546: [-434400, -259700, -129548, 60320, 97060, 27875, 67415]
Case #547: [-779935, -347880, 144058, -281799, -535568, -694342, -802791, -946245]
Case #548: [-958437, -638480, -163020, -31578, -2704, -99414, -445974, -592203]
Case #549: [-932672, -693489, -309132, -238537, -20056, -179784]
Case #550: [-690624, -370890, -327450, -220220, 165120, 1401, -339276, -494088]
Case #551: [-732252, -624493, -423752, -344313, -2814, -354760, -509040]
Case #552: [-825920, -408804, -128853, -77957, -100245, -126074, -889322]
Case #553: [-477990, -51770, -569700]
Case #554: [-56095, -51876, -512608, -807177]
Case #555: [58086, -230480]
Case #556: [-791078, 178524, 284004, 264825, 12236]
Case #557: [-914136, -461230, 361284, 374292]
Case #558: [-759780, -219736, -936768]
Case #559: [-901548, -264936, 39176, 28830, -512213]
Case #560: [-12741, -6164, -210, 2619, -306, -164486, -382268]
Case #561: [-747516, -587466, -444202, 144406, -103292, -722420, -761873, -845871]
Case #562: [887133, -650430]
Case #563: [-538576, -218240, -99225, 41712, 27911, -21957, -104718, -950589]
Case #564: [-385392, 96360, -365114, -685600, -805240, -917188]
Case #565: [-806996, 126284, 345268]
Case #566: [-947646, -759494, -572110, -407680, -211190, 32436, -827410]
Case #567: [-911125, -685560, 84456, -390011, -746834, -927368]
Case #568: [-544714, 14136, 53941, -122264, -483588, -574452, -719088, -761256]
Case #569: [-322677, -219047, -56620, 1855, 9400, 44345, 7046]
Case #570: [-934893, -590004, -216884, 129168, 133786, 7230, -610234, -756434]
Case #571: [-113067, 208750, -350149]
Case #572: [-326673, -14351]
Case #573: [-214896]
Case #574: [-123948, -292740, -345800, -620445]
Case #575: [-31824, -199082]
Case #576: [-429444, -73760, 58982, -85690, -279990]
Case #577: [-662865, 130896, 110390, 33441, -288640, -623073, -720044]
Case #578: [-27064, -279300]
Case #579: [-189400, -3056, 19536, -16748, -93728, -389790]
Case #580: [-74772, 170950, 222410]
Case #581: [-220836, -31590, -312, -9630]
Case #582: [15216]
Case #583: [-603428, -348612, 18473, 12936, -488838, -580284, -682272]
Case #584: [-452400, 545, -10480, -13650, -85680, -276619]
Case #585: [-824448, -720657, -542626, 26000, -319112, -740544, -977042]
Case #586: [-763620, -592917, -309504, 186635, 231260, 172824, 214593, -155873]
Case #587: [-3944, 389790]
Case #588: [-71102, 8628, 166440, 76212, 86400]
Case #589: [-272484, -143073, -39000, -24924, -2773, -2530, -42619, -101360]
Case #590: [-53176, -21560, 3321, -308, -58800, -123585, -535296]
Case #591: [-656775, -230652, -83328, 10335, -86355, -198534, -367360, -721628]
Case #592: [-385444, -319920, -207407, 5724, -3648, -36140, -98612, -395409]
Case #593: [-835050, -353430, 189107, 190124, -204240, -487025]
Case #594: [-298878, -89376, -24070, -236430, -353678, -828100]
Case #595: [-418320, -318816, -124705, 30360, 22860, 27258, -104512]
Case #596: [-885954, -788130, -607846, -315903, -39123, -208675, -463524, -588380]
Case #597: [38232, 31486, 48990, 12702, 9300, -89320]
Case #598: [-888030, -232029, 56856, -49500, -477345, -556195, -668664, -879844]
Case #599: [-836640, 67437, 76032, 79590, 67671, 71280, -83013, -199420]
Case #600: [-908960, -736554, -633600, -549612, -480690, -245050, 296340, -624832]
Case #601: [-864360, -755145, -366300, -99601, -971208]
Case #602: [-839800, -177636, -257868, -496314, -646800, -778600, -929215]
Case #603: [-84785, -487035]
Case #604: [-181853, -33950, -22590, -1007, -15841, -93235, -254180]
Case #605: [-395784, -101760, -227036, -398400, -482031]
Case #606: [-34338, -241821]
Case #607: [-330812, 129, -70110, -138904, -500917, -629127, -720621]
Case #608: [-589817, 341220, -807500]
Case #609: [104562, -275082, -605685]
Case #610: [-124334, -34188, 7672, -177712, -371868]
Case #611: [-578043, -341981, -235056, -114540, 93272, 22008, -62832, -685772]
Case #612: [-795626, -588816, -264397, 479780, 380640, 274752, -686430, -763435]
Case #613: [-514500, 30576, -147260, -518833]
Case #614: [-801009, -413511, -276460, 383594, 168399, -583758, -813636]
Case #615: [-964035, -828998, -648749, -555776, -489636, 68928, -284820, -509762]
Case #616: [-721578, -639900, -41097, -174725, -206048, -683571, -881237]
Case #617: [-942805, 107460, 306130, 232562, -116508, -411240, -561704, -777165]
Case #618: [258876, 269399, -666699, -922365]
Case #619: [-401864, -47704, 72615, -7828, -281799, -538612, -599775, -775320]
Case #620: [-789052, -251076, -201600, 20355, -100464, -187085, -457425]
Case #621: [-630663, -265815, 16830, -549450]
Case #622: [-484030, 207100, 230834, 75718, -499273, -625338, -854238]
Case #623: [-629285, -212910, -163701, -452016, -875052]
Case #624: [-689736, -359328, -44759, -311948, -904257]
Case #625: [-21720, -952, 0, -87975, -411236]
Case #626: [-641673, 150304]
Case #627: [-320128, 416765, -562464]
Case #628: [-845502, -401544, -281820, -115155, 226100, 12291, -64698, -745416]
Case #629: [-909587, -815280, -211453, -343540, -709731]
Case #630: [-474657, -289332, -213995, -466100, -889200]
Case #631: [-935966, -12604, -3672, 16497, 18592, -463640, -837640]
Case #632: [-805950, -657432, -449304, -119248, -49427, 17169, -88911, -267641]
Case #633: [-671498, -220640, -6951, -20898, -268140]
Case #634: [-22908, -4340, -6885, -28992, -58176, -407440, -830206]
Case #635: [-624878, 52080, 63700, -47083, -85196, -689080]
Case #636: [181286]
Case #637: [-180090, 250668, 246006, -423402, -594848, -916426]
Case #638: [-37557, 39858, 17100, -11343]
Case #639: [-94668]
Case #640: [-798624, 142006, 220813, -104809, -650650, -831324, -958425]
Case #641: [-779055, -32336, 224146]
Case #642: [-546516, 157781, -140616]
Case #643: [-304296, -91191, -16688, -12816, -120972]
Case #644: [-820352, -574062, 316720, 158112, -383216, -599900, -712480, -765968]
Case #645: [-132240, 4167, 30956, 105412, 79426, 45612, 14722]
Case #646: [-408312, -30804, -7315, -1620, -53100]
Case #647: [-498370]
Case #648: [-487060, -253656, -225654, 47905, -130680, -430839, -555282]
Case #649: [-918680, -576768, -358716, -80136, 118035, -66994, -353200, -612981]
Case #650: [12012, 16891]
Case #651: [-849940, -337212, -281586, -152392, 4958, -228735, -432064]
Case #652: [-860046, -686205, -139602, 180565, 206720, 144336, 131660, -834240]
Case #653: [-16864, 11750, -83054, -503659]
Case #654: [-640716, -522466, 218890, 198432, 368373, -303418, -648848]
Case #655: [-166440, -98972, -4774, 6806, 2782, -29900, -63364, -235984]
Case #656: [-805950, 438606, 525707, 310948, -649036, -776016]
Case #657: [-741019, 210408]
Case #658: [-855525, -627039, -134748, 175224, 198462, -659744, -804388]
Case #659: [-472104, 169860, 39780, -873600]
Case #660: [-168692, -113400, 156861, -50304, -167805, -244595, -467040, -613952]
Case #661: [-958245, -903294, -664412, -540854, -425880, -145254, 97940, -768075]
Case #662: [-908184, -709596, 87828, -460728, -532122, -680988, -903825]
Case #663: [-675816, -158364, -38843, -412064, -471150, -676728]
Case #664: [20125, 69934, 9126, -251617, -450996, -596092]
Case #665: [-498386, -152994, 106680, -44990, -188240, -644490]
Case #666: [-948660, -514866, 7568, 6390, -366704]
Case #667: [-843537, -689128, -371700, 124336, -173394, -490464, -888735, -972147]
Case #668: [-721224, -666225, -310210, -74752, -26288, -88641, -470400]
Case #669: [-800640, 345699, -210496, -311327, -467896, -642837]
Case #670: [-754733, -645150, 41447, -130526, -674739]
Case #671: [-589050, 49068, 48025, -397920, -774505]
Case #672: [-745008, -385500, 51340, -5593, -13425, -164058, -347165]
Case #673: [-645177, -2007, 44662, -56938, -317520, -475608, -808319]
Case #674: [-751917, -638077, -351392, -48960, -325206, -516646, -595584, -726206]
Case #675: [-782826, 103108, -358974, -817200]
Case #676: [-567312, -138663, -49724, -14490, -97904, -150588, -375715, -674728]
Case #677: [-489000, 72921, 126920, -476140, -605740]
Case #678: [-756028, -696870, -341508, -167280, 97750, -56240, -380359]
Case #679: [-876792, -7524, -470890]
Case #680: [-662112]
Case #681: [-817700, -160308, 123032, -477522]
Case #682: [-476135, -177246, -73162, -3179, -23074, -143678, -284620, -736934]
Case #683: [-478470, -250749, -18423, 4608, -249690, -469920, -729376]
Case #684: [-656915, 69136, 78650, 64872, -136704, -533403]
Case #685: [-742976, -312912, -895160]
Case #686: [601622, 623450]
Case #687: [-790164, -91924, 29896, 0, -338187, -452593, -912980]
Case #688: [251100, 337870, 281681, 93100]
Case #689: [-907244, -611900, -429300, -289170, -182313, 182868, -643428]
Case #690: [-123895, 112218, -188958]
Case #691: [-802776, -3738, -281732, -672668, -875072]
Case #692: [-418455, 438152]
Case #693: [-634884, -398055, -389444, 35405, 220000, -16608, -94160, -818360]
Case #694: [-918512, -27027, 4200, -114756, -140219, -665968]
Case #695: [-251336, -22500, 81576, 10578, -511, -6170, -213858]
Case #696: [-282230, -119892, -799227, -875135]
Case #697: [-567360, -510048, -200934, 84534, 135405]
Case #698: [-191600, -38236, -25830, 4750, -2652, -13310, -168218, -494192]
Case #699: [-578805, -238950, 121125, -197540, -499140, -826378, -915224]
Case #700: [102762, 115404, 188086, 226672]
Case #701: [-720904, -646734, -197400, 322989, 131429, -619020]
Case #702: [-876369, -454410, 29256, -229870, -813603]
Case #703: [-232386, -84940, -4275, 3825, -26792, -238788]
Case #704: [-134302, -71786, -13160, 5890, -50927, -138402, -374164]
Case #705: [-507444, -230520, -93248, 175656, 245920, -653337]
Case #706: [112095, 286824, 298143, -271245, -673184, -959264]
Case #707: [144300, 421185, -816480]
Case #708: [-697382, -568170, -525820, -204223, -21710, -82604, -340450]
Case #709: [-910176, -756434, -543731, -399369, 111786, 152380, -391840, -759435]
Case #710: [-890695, -497490, -222432, 16632, -479037, -677465]
Case #711: [-617160, -554910, -292059, 210195, -338381, -467649, -602148, -792857]
Case #712: [-842616, -634752, -187920, -106505, 157136, 124745, 74948, -899580]
Case #713: [-722196, -568869, -88784, -101588, -422180]
Case #714: [-569184, -299500, -158928, -64484, 25776, -462099]
Case #715: [-814733, -403588, 96300, 66774, 27336, -518956]
Case #716: [-730158, -442470, -71126, -171680, -271478, -622797]
Case #717: [-817814, -706790, -383548, -126243, 241300, -506736, -690780, -853775]
Case #718: [-663640, -385244, -18941, -142437, -250560, -397047, -614017]
Case #719: [-441054, -190960, 95274, -114520, -328923]
Case #720: [-170945, -49115, 143868]
Case #721: [-436250, -380289, -343380, -189980, 222306]
Case #722: [-586362, -229450]
Case #723: [-531712, -206955, 275268, 268269, -484909]
Case #724: [-244620, -60990, -45475, -21432, 6992, -108924, -303024]
Case #725: [-733974, -151050, 11778, -38192, -316598, -582802]
Case #726: [-726950, -451516, 5154, 58590, -36252, -457200, -550597, -712656]
Case #727: [-301602, 48804, 278920]
Case #728: [-42552, 46980]
Case #729: [-523830, -756021]
Case #730: [-754968, -128384]
Case #731: [97276, 68704, 2466, -64113, -665680]
Case #732: [-225128, -72314, 1860, -123552, -187293, -257655, -430236]
Case #733: [-819975, -583675, -543390, 25725, -164556, -558106, -608850, -821632]
Case #734: [-889200]
Case #735: [-627564, 87633, 341496, 320648, -32310, -538368, -760760, -867576]
Case #736: [-495591, -290318, -55680, 52160, 16647, -119595, -468286, -717808]
Case #737: [-73500, -14355, 134266]
Case #738: [-717120, -235755, 535156, 449376, 306940, 202905, -685100, -908173]
Case #739: [-887222, -758268, -674832, -389008, -198654, -888024, -915814, -980000]
Case #740: [-284172, -136230, 8100, -12556, -26320, -114240, -357837, -842160]
Case #741: [-956459, -709125, -530862, -462422, 65144, -295771, -550240]
Case #742: [-548728, -109509, -6154, 460, -7245, -18690, -52938, -190200]
Case #743: [-691188, -440910, -134160, -73143, 56889, -229616, -486472, -623570]
Case #744: [-463232, 276271, 80388, -442882, -495405, -897736, -933742]
Case #745: [977022]
Case #746: [-627504, -183924, 109900, -332775, -453706, -734958, -811395, -905079]
Case #747: [4970, -455202]
Case #748: [-844016, -457413, 324870, 295068, 433908, 400283, 300696, 10896]
Case #749: [-774996, -730954, -229604, 36855, 54694, -503595, -656535, -835332]
Case #750: [-821466, -667077, 470976, -318060, -595238]
Case #751: [-151984]
Case #752: [328152, -120870]
Case #753: [-130398, -25584, -101598, -403884]
Case #754: [-962240, -810037, -501809, -364227, 177900, 249050, -346560, -380721]
Case #755: [-715667, -366240, 88639, 540802, 375424, -46800, -497585, -885120]
Case #756: [358000, 242760, 257367, -219830, -401853, -714201]
Case #757: [-941450, -162240, 50130, 248570, 223193, -324317, -638145, -726250]
Case #758: [-131820, -103680, -335, -12240, -51456, -104475, -165422]
Case #759: [-546210, 168896, 144536, -166404, -445410, -663278, -868906]
Case #760: [-724710, -435840, 201260, 97658, -129495, -235980, -466734]
Case #761: [-664242, -387266, -106782, 10800, -57620, -79186, -338447]
Case #762: [-114554]
Case #763: [-788233, -660176, -233220, -364000, -466507, -667200, -748221, -875053]
Case #764: [-606585, -300291, -162734, -8645, 7425, -485773]
Case #765: [-957330, -811317, -738978, -574395, -331650, 287164, 247325, -759810]
Case #766: [-869556, -625482, -336204, -106232, -22110, -305613, -500892]
Case #767: [-868626, -824328, -634316, -68456, 145189, 30972, -423504, -651058]
Case #768: [-472614, 93993, -29892]
Case #769: [248768, 184360, -101816, -669732]
Case #770: [-656464, -36344]
Case #771: [-597624, -81468, -7626, 31694, -247954, -298582, -350170, -699138]
Case #772: [-756560, -598500, -64084, -505920]
Case #773: [-692831, 147126, 346104, 451052, -27892, -56028, -578325, -804636]
Case #774: [-823214, -679644, 163800, -182281, -849993, -911790]
Case #775: [-851394, -269838]
Case #776: [-312363, 172529, 41418, -151200, -253164, -817180]
Case #777: [8587, -931540]
Case #778: [-963070, -921200, -602742, -441584, 195202, -303480, -863136]
Case #779: [-776314, -123786, -2880, -312285]
Case #780: [300200]
Case #781: [-307625, -162811, -6357, 21364, -23579, -248392, -454053]
Case #782: [-710288, -415248, -283578, -172220, -307594, -618381]
Case #783: [-327624, 173340, -68328, -835113]
Case #784: [-151164, 146289, 277952, 96984]
Case #785: [-758580, -699776, -532684, -21201, -409108, -541604]
Case #786: [-501234, -31044, 308504]
Case #787: [-45600, -12300]
Case #788: [-726437, -292716, 380416]
Case #789: [-264024, -108474, 63325, 73905, 66640, -172304]
Case #790: [-724896, -591297, 118370, 83200, -636000]
Case #791: [219912]
Case #792: [-534896, -148119, 5852, 12550, 16960, 40770, -77916, -370644]
Case #793: [-802458, 81648, 717145, 536928, 335790, 307580, -923037]
Case #794: [-365629, -207920, 109392, -717205]
Case #795: [-976, -971, -759, 0, 0, 0, -866, -891]
Case #796: [-232246, 2490, -23042, -340012]
Case #797: [-856520, -596134, -132300, -42864, -742527, -807177]
Case #798: [-671625, -162360, -16473, 340857, 239358]
Case #799: [-772821, -196893, -92008, 225454, 159250, -674846, -769029]
Case #800: [-793800, -768483, 156864, -309290, -488448, -861798]
Case #801: [-974120, -285968, 568128, 465625, 532818, 257928]
Case #802: [-472269, -155250, -54944, 598, -13260, -110448, -540737]
Case #803: [-608616, -63960, 279624, 379618, -119368, -669940, -822480, -912740]
Case #804: [-934464, -620046, -335000, -168587, -159732]
Case #805: [-753732, -446055, -263667, -11891, 26508, -200660, -615264, -773352]
Case #806: [-540666, -243312, -74817, 987, 2184, -22532, -38871, -46280]
Case #807: [-950049, -768948, -357483, -40304, 41000, -251346, -351870, -872710]
Case #808: [-612135, -565602, 49197, 529409, 413070, 412251, -654264]
Case #809: [-658146, -250125, -71278, -344593, -564876]
Case #810: [-952380, 624000, 737280, 216975, 62400, 53128, 29698, -934128]
Case #811: [-820743, -374996, -5736, -542087, -797328]
Case #812: [-919357, -792120, -450162, -397848, -87312, -202800]
Case #813: [-593832, -466875, -219374, -111070, 211094, -310515, -805464, -910078]
Case #814: [-386417, -79450, -382815, -665954, -751640]
Case #815: [615680]
Case #816: [-276390, -18200, 8484, -20286, -129759, -359920]
Case #817: [-293738, -256336, 7070, -120800, -299598]
Case #818: [-271492, -188883, 12621, 141900, 106700]
Case #819: [-870507, 75480, 43061, -39360, -58212, -144361, -268298]
Case #820: [-717168, -510468, 202944, -578088]
Case #821: [-840788, 501618, 397600, -266602, -769104]
Case #822: [-141384, 74146, 19260]
Case #823: [-672700, -234668, 194250, -71649, -111780, -343335, -747000]
Case #824: [-561450, -438000, -308672, 3835, 38872, 19880]
Case #825: [-513506, 211464, 107758, 88600, 85251, 89440, -32096, -735165]
Case #826: [-610930, 239610, 371434, 342620, -739311]
Case #827: [-809471, -500388, -149372, -25060, -114401, -204624, -438694, -503528]
Case #828: [-448116, -13260, -169335, -794124, -905280]
Case #829: [-11592, -740792, -764198]
Case #830: [-986024, -823550, -624091, -458660, -188100, -74002, -50246, -271500]
Case #831: [-679343, -618888, -498914, 159766, -243243, -431396]
Case #832: [-5265, 13420]
Case #833: [-932100, -770259, -392916, 327132, -459348, -621964, -696045, -924482]
Case #834: [-357698, -248248, -134599, -41808, 5390, -26040, -61944, -134478]
Case #835: [-692172, -188799, -6720, -966, 28971, 8835, 3770, -137950]
Case #836: [-730622, -67725, 76555, -43995, -391416, -547660, -986040]
Case #837: [828, -24698, -71958]
Case #838: [-153387, 38571]
Case #839: [-783029, -634632, -339200, -279990, 17204, -87330, -160512, -857280]
Case #840: [-602742, 392348]
Case #841: [-876673, -769118, -280202, -37232, -102659, -195673, -585396, -840600]
Case #842: [-560058, -143029, -91960, -11554, 84, -1398, -44526]
Case #843: [-895706, -885417, -33428, 18700, 41905, -389841]
Case #844: [400140]
Case #845: [-924603, -592860, -446292, -314883, -149310, -314880, -793650, -873260]
Case #846: [-888960, -466284, -209088, -169176, -25245, -51528, -496713]
Case #847: [-36725, -182, -3200, -22010, -33810, -107169, -459712]
Case #848: [-445474, -294488, 46080, -214920, -405414]
Case #849: [-907270, -761904, -566638, -235152, -36010, 13446, -9562]
Case #850: [-350910, -27195]
Case #851: [605472, 502818, 394134, -685020]
Case #852: [-870128, -658854, -587200, -445526, 324611, 415896, 450709, -918702]
Case #853: [-249403, -82800, -15120, -41328, -110035, -245604, -618084, -868575]
Case #854: [-910420, -737865, -478062, 439671, 397879, 382255, 147186]
Case #855: [-823935, -649116, -302583, 86925, 79713, -145080, -650250, -747649]
Case #856: [-240640, 27176, -220077, -853689, -957190]
Case #857: [-256785, -185473, 261016, 171080, -502125]
Case #858: [-922432, -596953, -338032, -614940, -929954]
Case #859: [-733580, -660944, -374784, -179091, -143665, 243049, -914892]
Case #860: [-763818, -527040, -108368, -101286, -153116, -330852]
Case #861: [-678219, 51040, 277554, 73910, -190400, -501476]
Case #862: [-957222, -413816, -263610, 44748, 10032, -83148, -359511]
Case #863: [80642, 220504, 218346, 245861, -597529, -711088]
Case #864: [-768486, -15444, -63309, -384648, -510880]
Case #865: [-93074, -224202, -351480]
Case #866: [-769575, -372405, -809975]
Case #867: [-875028, -355724, 48902, -391837, -486076, -872030]
Case #868: [-585144, -205768, -163494, -27936, -12351, -251409, -555016]
Case #869: [-467464, -349005, 45325, -2645, -681360]
Case #870: [-940000, -670600, -454644, 214326, 445536, -489834, -766400]
Case #871: [-468990, -140890, -5776, -58, -7110, -35190, -480168]
Case #872: [-559884, -312285, -153546, 648, -162108, -461892, -548825]
Case #873: [66429, 35571, -84796]
Case #874: [-345000, -288288, -145992, -16555, -61944, -361488]
Case #875: [-781354, -516538, -360815, 195662, 83328, -612656, -965034]
Case #876: [-799092, -628310, -121030, 99258, 179928, -547932, -730128]
Case #877: [-866032, -633857, -388850, -124773, -13462, 68912, -758385, -873936]
Case #878: [-945684, -569701, -501385, -284898, 396198, -453726, -694715, -971180]
Case #879: [-825320, -651233, -236520, -98468, -8470, -95850, -267614, -824442]
Case #880: [-715635, -406072, -107814, -64584, 110000, 35288, -152508, -385533]
Case #881: [-685208, -347270, -143640, 30810, 50274, 81243, -568524, -730485]
Case #882: [444125]
Case #883: [-714872, -121108, 131211]
Case #884: [-258930, 184824, 363475, 258725, 286902, -711491, -776790, -912172]
Case #885: [-910728, -487596, -390920, -274096, 170852, 314084, -12782, -609987]
Case #886: [-832840, -516780, 215280, 450735, 84546, -696008]
Case #887: [-840264, -608076, -297564, -167324, 195839, 146302, -543312, -912600]
Case #888: [200625]
Case #889: [-601200, -121680, -7040, -603, -238654, -745416]
Case #890: [-511808, -66885, 74778, 65793, -381150, -801220]
Case #891: [-165842, -868280]
Case #892: [-495396, -385880, 130980, 50828, 14364, -342186, -628273, -798721]
Case #893: [-966000, -375160, -37908, -123520, -476420, -634910]
Case #894: [-469176, -267438, -69264, 148256, -89434, -147420, -718508]
Case #895: [-595177, -266680, -187709, 16302, -45312, -206216, -436021, -797889]
Case #896: [-630112, -177708, -262740]
Case #897: [-129213, -62478, 624, -4403, -20020, -35964, -104528, -178047]
Case #898: [86864, 179011, -71064]
Case #899: [-508177, -14782, 36846, 2624, -112224, -288927, -589662]
Case #900: [-791868, -494445, -299478, -25680, 24048, -201930, -500526]
Case #901: [-605342, -1140, -18745, -103292]
Case #902: [-216688, -132184, 52500, -24066, -266015]
Case #903: [-891504, 1644, 219780, 218736, -485716, -822956]
Case #904: [-562980, -97439, -64821, 429080, -514624, -593010]
Case #905: [-20760, 70956, -231660, -568808]
Case #906: [-622050, 84735, 413952, 42966, -63680, -533900, -646408]
Case #907: [-512460, 180420, 405840, 385440, -679338, -899596]
Case #908: [-315018, -2448, 558, 7998, 15142, -67560, -122813]
Case #909: [-650637, -509588, -434830, -339840, -8398, -9216, -120183, -655542]
Case #910: [-733580, 279870, 258104, 69360, -107406, -693381]
Case #911: [-656617, 48780, -121524, -255150, -583100, -883600]
Case #912: [-232650, -106067, 66906, 119454, 96760, 13533, -401469, -535230]
Case #913: [-848022, -634400, -548046, 3576, -87142, -500682]
Case #914: [14992, 5572, 4410, -165558]
Case #915: [-889686, -772114, -674790, -442488, 127846, -550620, -657932, -892584]
Case #916: [-405687, 95513, -701892]
Case #917: [-785808, -460525, -211150, -1280, -17063, -19588, -825297]
Case #918: [-441261, -199433, 43952, 38760, 27104, 43708, -610064]
Case #919: [-892330, 69720, -148960, -190512, -259576, -416976]
Case #920: [-663080, -349479, -207713, 294816, -137370, -605340, -742646]
Case #921: [-947196, -886212, 268884, -271492, -396891, -726144, -890816]
Case #922: [-846264]
Case #923: [-106982, -17028, 10750, -146940, -492105, -827712]
Case #924: [-153970, -24156, -789888]
Case #925: [-497915, 153458, 87892, -97120, -107568, -548120, -737442]
Case #926: [64600, 598776, -330486, -458614, -700780]
Case #927: [-374591, -45175, 586322]
Case #928: [-339404, -63511, -25702, -5040, 20400, -2142, -10222, -212463]
Case #929: [-889110, -568584, -518805, -343035, 86660, 80563, -356545, -912087]
Case #930: [-731584, 104799, -573696]
Case #931: [214474, 248625, -127744, -469868, -587799, -663908]
Case #932: [-491415, -153519, -54646, 44982, -196184, -500720]
Case #933: [-727279, -588072, -146780, 72468, 101916, -40320, -277380, -516672]
Case #934: [-647960, -548800, -110353, -134379, -351848]
Case #935: [-760420, 147065, -623007, -826542]
Case #936: [-579882, -302072, -220350, -126540, -40508, -38280, -125840, -780448]
Case #937: [-577676, -152090, 131760, 161850, 44718, -500624]
Case #938: [-931918, -801312, -536173, -446940, 236131, 229069, -166160, -868500]
Case #939: [-89846, -50100, 4065, -68599, -292254]
Case #940: [-481919, -105110, -31020, -3432, -4851, -63918, -557568]
Case #941: [-378245, -38192, -16430, -110592, -279675, -579600]
Case #942: [-414946, 50024, 374187, 252006, -144992, -384420]
Case #943: [-54000, -43326, -25350, 3220, 2788, -75936, -409512]
Case #944: [-171948, -11687, 10710, -96264]
Case #945: [-355260, -228195, 9160, 33746, 28656, -37741, -245478]
Case #946: [-474564, -310812, -28083, -335400, -580523]
Case #947: [-594776, -244316]
Case #948: [-231040, -64414, 156, -134964]
Case #949: [-662220, -19570, -74648, -163200, -200353, -362902, -689832, -723364]
Case #950: [-248530]
Case #951: [-389700, -216840, -91656, 0, -13524, -68975, -117744]
Case #952: [-595134, -301002, -161196, -15496, -212970, -741888, -870675, -936624]
Case #953: [-402560, -227304, 189728, 72812, -629508, -689752, -799936]
Case #954: [-654417, -570648, 365194, 279202, -456202, -701298, -929196]
Case #955: [-688750, -560733, -46696, -409725, -664007, -721897, -845256]
Case #956: [-897666, -437266, -291720, -111527, -381997, -758430]
Case #957: [-899610, -565730, -427788, 145960, 139528, -406371, -896566, -905079]
Case #958: [-268125, -784420]
Case #959: [-821466, -468930, -129843, 238350, 126868, -636342, -743598]
Case #960: [-736999, -651233, -250210, -218951, 66528, -732225]
Case #961: [-501081, -155406, -65090, -36888, 33233, 39729, 31624, -412142]
Case #962: [-750583, 3568, 84488, -348091, -661251]
Case #963: [-589407, -230785, 15910, 81002, -459118, -799656]
Case #964: [-881360, -405566, 10352, 21147, 7469, 9728, -309246]
Case #965: [-105154, 132990, -426650]
Case #966: [-128401, -7011, 9000, 13268, -484, -37620, -116030]
Case #967: [-720998, -37920, 131182, 37555, -471240, -671916]
Case #968: [-14353, -19023, -626220]
Case #969: [95160, 48077, 39750]
Case #970: [21457, 45866, 60356, -178233, -610400]
Case #971: [-171306, -1900, -27811, -858346]
Case #972: [138103, -98120, -201474, -379224, -442719]
Case #973: [-739347, -340312, 33552, -576576, -889840]
Case #974: [-929448, -424560, -253800, -91410, 9077, -197494, -796004]
Case #975: [-625176, -396843, 48922, 149703, -328751, -702696, -724815]
Case #976: [-548502, -309186, -255150, -160223, 54000, -315867, -797088, -966280]
Case #977: [-751640, -477356, 205972, 43700, -568560, -727184, -794136]
Case #978: [-389623, 210512, 248768, -328545, -476418, -829026, -860232, -976063]
Case #979: [-538021, -348579, 199206, 36800, -300168, -911449]
Case #980: [818064, 714204]
Case #981: [-93378, 236]
Case #982: [-280623, -45080, 1804, -21716, -116622, -332590]
Case #983: [-857896, 159489, -97682, -199584, -554064, -618410]
Case #984: [-924410, -472512, -369427, -220416, 165870, -603872]
Case #985: [-647896, -132727, 3432, -422313]
Case #986: [226010, 348715]
Case #987: [-302670, -155136, 35482, -79296, -328176, -468195]
Case #988: [-898304, -701617, -46500, 252603, -119889, -366660, -870320]
Case #989: [-848904, -590832, -100989, 73466, 148850, -58170, -415541, -534204]
Case #990: [-819292, -701064, -249610, -97065, -425500, -916104]
Case #991: [-694520, 363451, -359984, -571802]
Case #992: [-858975, -661008, -40279, -31365, -438966, -632527]
Case #993: [-761645, -148603]
Case #994: [-826434, -62115, 63360, -71364, -198729, -539720, -784237, -976144]
Case #995: [-868230, -428032, -4135, 2352, -134456, -299390, -448891, -607796]
Case #996: [-400928, -189504, 175974, -88856, -785892]
Case #997: [-94855, -9216, -28944, -244272]
Case #998: [-810768, -752695, -657685, -595255, -377495, 379464, -394391, -418965]
Case #999: [-99765, -91980, -227075, -770848]
Case #1000: [-892107, -629338, -391140, 416988, 363356, -307748, -422199, -733422]
